28364094
53341795
29134736
1903514
42695751
54597599
57645171
61482220
16189922
55656290
88063960
56177515
69519819
48174398
58359330
96232819
49008499
27880858
32081316
20451480
66305203
95766008
59247877
38249225
93406684
9525401
30416630
98881464
77077680
87341255
3764030
59819366
19955594
35457650
16346840
97222147
26743233
5958811
59199053
43409323
34620198
1870075
18439824
26368874
5979061
4579540
15944085
27530636
5922412
66509689
17655457
73508031
47660201
53728742
59121800
16911356
32290569
31940347
21611179
77427927
80428960
25102084
72738561
21445426
2733908
77727443
88832514
96134046
42124176
45966480
32204964
18974034
48610392
92932605
36598760
42809662
84812066
61982261
52119223
31052153
93975535
37519502
55458429
64983455
28741927
28542919
60100621
63170707
37930408
59317836
99181037
49704545
7529135
71659669
44532153
10296701
92709571
60784051
39859021
24200071
82671743
91143778
15811906
78436010
39056514
86802911
37828266
912929
92160900
31985100
39046503
63893998
61218303
56661786
64548777
52412623
48006343
43013708
93252408
97284828
96065202
23913094
10499640
94927336
28614687
16039560
89259177
50385180
80492911
58450755
8335710
5820857
13805429
89955760
29028607
6813464
67407644
50337890
29904596
49995174
5604380
56490696
17114431
12882552
39955527
92638576
13981466
39764802
19668758
28204422
83605867
66757448
20043321
96290889
88174648
36263233
24414502
79514969
48988644
11905141
32359925
96376790
22939292
72534086
16698109
66661916
68374701
60157176
78222131
64010524
90078663
67617887
30605779
72156239
95965951
36547045
90349956
76241170
24513381
98927874
46886872
58413381
49052760
63791135
33099899
97794121
9742585
20437886
59233152
61711911
95354853
93116570
11288581
54569528
31750266
64688234
44772968
22673182
50806452
37574928
72195641
95283331
92947549
98085454
17586731
41862470
26695255
47365297
66582259
18129632
97392904
13096383
90971132
34249695
81769838
54582975
3520565
5275913
2500803
55901730
42451214
4287474
80703540
11042581
28051428
67356379
5581154
57845321
72067917
5726724
49588766
88841707
91003695
24816089
91292074
87038919
50706259
40064854
95135237
35371295
95930905
88865058
3976419
82447332
65143219
30842398
48107942
51997556
57377455
74627337
34009113
45920512
42871889
83321593
47281847
87457116
842775
30047639
17192841
53996851
31173823
91874004
97009309
93249307
44564719
90475478
88127159
77657367
2267154
90952886
64261208
81066562
79405220
47666765
99478877
65000182
7217818
88402449
92478176
82082895
77251216
59274663
30814989
37861713
7282624
10246406
89766744
37495156
86808010
89586656
92344073
62074648
43140104
74045812
18934665
58337208
52576191
77337362
59247708
73244314
90894297
41896754
55868270
59615787
93558559
56679423
57765644
63160755
74884490
28021990
20007240
99625747
27702674
15153346
79162242
37270294
29852905
9147249
49431398
73682474
37088453
60058186
3751650
45598609
44596126
97278189
70219635
34590528
66149681
98760455
38982770
36194031
19786803
26932939
5491446
1157165
73125023
79428455
3395879
54604070
48534589
25115505
6318608
90712624
36146598
37087634
63302591
5771593
25565068
64371426
79039315
28872974
49960023
31754832
46928451
57207938
44928789
37151036
89604263
25961759
50609176
9461887
80494338
16368122
75532917
39669980
39420147
56309033
87640721
2142282
49695001
3265568
86521200
15889104
45545111
92150926
44778923
96356277
19046738
24689475
39768994
88292328
98032454
35678345
22985009
49839835
1195175
11425589
86811684
60420278
18975423
11917193
85871390
49356142
12919992
93690140
46918001
64725806
55151504
16426200
18819101
94030430
88578814
56929487
6969360
30927232
98405811
67488314
83607271
93746313
26134030
85675048
68330836
42323294
38307998
82643425
17835374
56904064
19063206
10941715
67000006
74198594
83523012
18876759
12530373
20466803
2014639
7749057
43617948
61915751
20224882
3592864
27003620
89422458
3417292
94391366
82859282
1779611
52278581
65283673
55864560
96116790
75219102
91844764
21404243
39238715
16485062
73232619
17646475
54939987
82911830
8416172
54546735
40937870
15750881
69436769
26714841
24080346
25624076
75810682
1388862
31107296
95630405
22352811
37147906
81976693
46436479
32878181
66131820
25712633
25072047
18809004
57364329
97448906
71441603
5323189
85731888
37558630
55181310
49631583
46861146
22920438
62693893
6602850
81480973
33289319
27237730
17601359
98557691
40451375
41553934
56230400
91878317
18454830
32486413
3437819
96456908
33814304
28519694
8753747
22710963
46108892
92664416
10350798
92831371
14800039
31428167
58146945
31714002
23337667
28097466
37905665
6151688
22395045
79211206
35779575
86175451
37176958
86829206
68128368
83736121
16526747
48994800
15470938
43733802
25630821
81758088
77214807
1720521
96309777
28648973
45440164
95874483
90005373
82610646
25693671
15492601
90323323
4106292
60261061
95042290
87178428
90487952
82561621
42774563
97702786
52458505
33904762
60045918
33741019
37126687
76583970
96302979
67524954
88554212
14104100
32528945
53338478
65667905
62650453
39443895
64183833
81681991
9002102
98470009
46042923
14667203
441728
12329211
87098926
56166038
67680721
5030451
24091667
56690428
34253507
43336146
93645943
91271475
48347681
71595324
96437455
66695643
283301
44626753
95725606
74467815
78568033
60421644
6847449
64057489
74601853
82378736
18367897
41322454
91780777
62755339
62773331
67343478
88448744
28633931
18051859
10203051
75951805
24877604
83006545
27478118
99162767
50640840
48481551
13685414
83340160
67882558
62614680
41119558
13623788
62750130
89975440
76458993
94945243
58541091
31264529
56145089
30068976
42567934
97610817
31621970
60112006
62570993
44044563
12305397
17355585
20671058
3474465
21133210
66649920
52029906
63171352
4240935
90406147
11676099
52799118
35207061
92259229
61633786
74758353
94961442
54312092
11786876
38291760
50192316
13183070
28682827
91279247
26998199
66668121
78004318
69436876
51986084
70096091
966832
83212997
36934489
49218605
77529802
82054875
99461563
6613355
16954421
90677122
69756618
52608028
49672364
62390231
70869932
83994308
45497243
97890205
9308030
43260289
9891004
82433877
27884016
70947241
47278593
72979788
43675775
32687805
80800471
8496835
96598816
25202106
49457999
9707422
90770119
98254778
32875868
46029049
74363509
25023405
87785258
67084312
69309393
75794710
17722368
96006818
46676362
9904560
56427589
39025088
94080685
4332818
28267713
5670020
35020980
7958351
63860928
42331049
80319208
79689533
4717940
594586
62177258
62833517
65855748
47059410
73248317
41738770
11678303
72700708
56197175
67145424
75820653
53344945
83496043
98405651
61121153
66456040
26966503
95938284
7474045
44155363
54402067
48952363
21504259
54355478
3929013
54026180
64351528
71936912
74064678
93440488
38644716
68196326
11194307
27998753
77979792
58917242
50086722
29499595
49505896
33384202
30574648
8439519
3692171
18009024
11014104
45271168
61391491
69853068
42345769
88878609
38140700
13969299
60719467
62742519
13162671
85540146
38670912
94037881
76283234
64748288
3722707
53604952
56165792
47942857
81551537
9402647
10593858
78686970
12398999
31655473
4943566
74866265
47205669
27949645
75771987
76470093
29490246
95782194
42313808
77184660
13818880
93891924
73920167
9373634
46167248
14383603
10785943
4746498
14199821
74357942
66391338
9262547
32580429
64143390
59484191
40236600
16319338
29437708
67363400
55520247
41109773
33675996
70319480
1275042
81086373
88442966
14099358
54743950
92247068
92709751
55549574
40561384
92516910
95243032
25109568
57636628
17740170
93818269
28413126
29192581
33592252
88173732
79477347
53326517
42311962
71284312
35844191
8782057
84253161
62615576
32494170
9753741
65842307
87062886
38925455
54123172
66290660
37805497
81583605
2818800
6892732
25760101
78163341
36914094
47735929
19775257
3722230
48479321
4666147
99916695
13842111
97652518
52416414
33400908
60766095
88891778
83975986
75616681
65694873
62535926
20511910
37756439
94721390
65175724
3741991
91393691
26967350
70453442
85712204
6527338
70863537
1818409
70959401
33350258
69787525
968349
87653839
97952390
68478068
62414636
59156532
64557306
63184750
20965377
81762688
71477339
90259747
90705092
50917621
86559424
67923659
73356516
12040799
53312647
91360142
68374837
30239305
30933453
15135909
38856016
88629815
61690023
12514308
21931063
78821697
30094046
35477692
21423632
13803495
39234501
8765686
53054281
36831419
47036853
6325711
82848225
47377232
37072388
51719902
42057334
89462757
83933956
68066186
87693718
6837615
75082470
90184069
27873634
18555441
11470779
60368769
47599747
18147687
2994622
52005943
5584933
88987552
73176289
89507966
43210775
66117054
75437942
27016644
38108943
74695506
80432859
64881543
99337320
73462064
13428924
36047386
30129363
35143746
91783921
73017214
58132514
546751
33925136
21656892
93261561
26008568
26226109
82362112
43675162
28245085
18348525
47395959
3309418
35400455
78635118
34033123
54133199
25787629
22476665
67553784
43303340
45137456
29373409
41194398
95907390
46392186
57238526
27348100
82390581
56703418
14850875
89306770
1461314
15668772
55040700
2778911
56432291
10308957
60893146
18875005
42036339
41253798
51130896
91709999
13937378
7127727
21586527
46811679
8602338
52718503
60854646
73724833
67004115
479735
34595033
83841404
89659367
64431318
2856787
83250483
68720627
41521460
71343349
92690971
55336980
92012362
3506663
46771144
50114613
86191540
80115454
69576380
72884693
40812821
2944604
40538895
51418197
22283512
66430843
4996581
44563941
6902954
53809427
31130967
71500642
86033619
8252308
14834951
95116917
36337123
19012347
37266101
77438180
44658423
36253224
12689064
33156009
69558056
87800552
11454907
48656250
38285418
83583028
45657103
86097357
89177800
51597993
3785246
38705888
88161947
32278376
97601997
45232585
36496152
60327897
78498633
58201685
57200456
76039971
13092176
18523317
30027005
222178
14570813
45408008
93379320
33674950
71075207
9860144
32060840
29285930
18546004
64493659
63217995
71354618
77943630
29048108
17862862
55269111
12369957
96275003
3864682
185036
44200595
37463602
16253006
23666727
74892998
66507852
84838242
39416151
94611393
77408573
70169850
7832111
4121233
26563811
70397843
13304993
38765515
32875294
76909152
4091999
15568052
2995198
30714645
99285287
45267969
69972196
73708145
35935859
3679329
97458319
85318796
61589573
63856783
991888
50051607
67693210
90290095
39165447
94263310
704221
19750956
9025033
73705034
46241618
42054605
3283806
83211395
47407896
43797030
1585602
28596699
39953195
23321104
46034736
96459323
98283547
22857389
16568321
24791941
58804684
24758002
44710390
43193330
86364359
30235106
63788860
43602020
42556956
26048407
52596624
79241132
90839527
96475931
75045810
23441400
19488164
10802882
45379877
95007586
31083785
28984943
62638971
95658713
10031384
59807433
85558107
55288611
51418054
30150075
86828614
84890861
63443666
36271527
74675521
83019440
65905104
37550106
93168975
34109944
31167298
28634768
75583469
6356877
83782522
46813959
46267914
83712453
94259666
81770719
19080756
79697028
15792235
97935818
61886342
69779782
93134626
32961573
6008193
84679867
69914262
63295024
2646523
75208984
34753571
44648599
59783295
5591624
31185772
69719368
21523523
35561185
71727561
34989447
86521326
12116331
34264167
49521479
65850430
5695662
66039541
57560541
84425388
8214654
50454885
99254090
88402810
68335098
21420576
43862169
46975800
25612245
48337336
33642216
50324156
46560944
95800298
70832825
61185935
2802460
57185609
75702980
27134312
2420446
392440
73589675
9201874
5910900
36767651
58447929
82830804
14838423
29839069
60343419
69001528
94577780
73459654
72970690
15448873
81409678
95874481
39127886
77227974
55969388
64046412
49203241
70106804
75049551
50993285
29225572
67449200
85195106
13274803
7642575
75966603
99006271
16567733
6698047
15942638
97293981
97458970
45716959
6120058
79611805
91719144
76154837
81530814
64265858
60005291
39309169
25684266
76460685
76939102
60752178
2329977
58598711
55480539
74470595
24301719
87423502
20061206
21925428
10391981
2547129
34021402
34455485
71126775
21643921
55230359
43563045
81780740
78096803
33524855
89631693
86771170
20980451
74131414
8762609
82491990
91650759
156903
52825092
7169611
75332367
21095745
91322663
26613731
98448570
13350643
17007274
85772518
394065
46795681
4975405
96441976
49625208
55167745
2291190
38330953
42098615
34210605
40110212
82721028
64693626
30454199
43798402
79126203
96589681
22883801
97255928
74680694
71787728
28511303
94044328
15488397
37279492
6231964
37712383
29529217
40728943
80110744
44719781
36626868
42365176
17048012
37578112
35565460
79156211
51523990
76008013
94756918
15375034
80759755
24504322
1103997
44541642
72358688
56304832
61775407
1941892
85129919
98686473
55600106
93510053
86150581
24814585
42270237
94728584
52986235
35756534
50179977
4758829
11430092
84821800
27197179
81404874
40896760
64651089
46025191
71463683
38914857
16556899
27036778
59431757
30411526
28581241
92927377
29068149
9928301
15241321
19385527
27593474
30941971
67350943
58868011
57374309
54093739
93884682
47775392
19155217
45387183
37110665
56208707
28979514
61430657
43237342
88843048
63614159
99973635
2673234
80442227
24356791
42365347
95558316
98490795
17668185
5840330
51964697
99076260
36927060
41132214
39878292
18987294
19622918
3064094
9295761
12836417
15298557
74036836
69034037
50201089
55760207
80621986
74059590
40204019
3752043
55061691
80216341
94204882
13024998
46870808
80601741
70476108
53678604
95190621
90048836
16662880
97183375
7148166
71230947
66896754
43241733
65404218
92477420
15922736
67364927
51306799
37281153
38372476
90173566
67917137
35056851
58210238
55142273
69637255
36147460
61686161
12911033
56262269
20347435
6155654
87949426
89109905
67551137
75629811
6499492
43234873
25711636
11975079
70316986
99828467
38176257
60017458
32045202
50262153
26300574
83863464
36212838
78764181
37170555
78314684
56205611
50226458
58184865
92967072
38299644
12631963
66911499
39390956
43738112
50382360
74458714
4304658
39783494
3662537
84365653
80223234
99124439
6215406
47610210
32924315
89932647
76748727
2473439
557270
24927075
52350398
5120173
42123812
84770284
49040644
36306920
34087661
88095931
34651584
63470079
53419718
71914879
3750986
11188599
61401129
1030702
41624849
24523443
94524280
88427236
36489723
63616501
91506715
63611544
8414396
94539327
68406718
79366003
29674352
78084812
4479230
82700271
96416465
84574026
87843585
86767351
78827156
54211278
25760821
14517224
76135542
28704434
90734226
51917698
27605724
67847654
1889451
11566820
58389385
92598141
39425861
3627992
28461880
71371985
53318169
26393593
41076819
67998200
55823034
27234702
24167649
52441598
42973872
15241123
56070194
19747115
19852526
31406163
21764537
11445498
92847220
16356095
60020132
52530045
89786843
78638893
49989234
39775177
4801333
71036742
48868290
30415759
98047768
77419174
25597673
54258481
65171401
83265313
49995752
46545124
28017462
11470153
63273712
80859682
24488843
40868860
25651447
73816539
33418030
15554531
41807278
10721355
91237980
9500847
50756964
83399
50127686
45984951
15574664
38966360
17720433
49976998
85666095
36297409
49468395
75558412
4674342
5593607
58519288
5373382
12144099
15444706
13247527
66213635
21091774
97833890
4339208
48597490
79353496
40515879
57068957
63620767
59950254
90205649
78378558
94412471
23192789
9310521
25776331
23693384
96124324
11089623
81433243
70219292
25305432
28561738
31487095
12757924
53362699
96544073
67503775
25251725
67302665
80330151
62301459
94709970
10014848
36454808
41890918
80237341
72835074
64381465
68188537
9881745
56595355
57856404
13478371
53069605
16731399
44326822
16954000
16688791
55273610
89374702
10948700
19465059
82907716
17449552
94696700
27796394
765650
76571064
61787978
62938861
16141118
38613231
85633156
463277
4168417
4890690
64394049
45809211
58445049
45696905
9698644
33666967
57531057
74393573
84825273
4878826
98909796
88591618
894279
5405756
17785155
67447504
33111349
64255484
96757169
61606200
26283102
25908405
17239564
86806544
40861928
80194644
28528346
15345375
99749237
62884119
24123420
90116332
4054561
13025035
52900382
70348370
80134356
92044703
11955293
97158611
31532805
68567865
59383106
63715335
12509380
25000572
29727472
33866716
36616294
3888787
79466523
6890923
65566003
75194156
37820072
69971631
44487381
45683507
73482277
51855045
47749247
78148406
66489251
86826275
80381906
36438795
75260166
45511888
15108719
7739429
82527103
26816101
53996881
31034831
88654242
29273684
76883342
18948722
35280188
95383617
44312378
19039595
73836050
5498256
72961673
89817532
84276718
76476439
78961110
96480713
12811046
67497736
35064244
85354196
89418910
9717919
65569308
39309867
77924664
66836065
35084321
25918166
81938472
97585214
9227794
3581241
80198923
40408319
15652202
3738469
72966202
5354106
97791211
44005020
30496956
19293609
84460102
53687098
75251487
37806338
55673294
37975002
97319884
83151305
18968470
35110450
55006427
95577380
7337477
32689107
92911757
86059925
71959287
3900870
43609487
23874490
66804813
95218702
7297064
39971900
2200649
63304387
43684240
38340938
90914875
18042357
99509823
62258986
60855299
2896721
36958706
31338834
13343262
63840618
72079919
19018359
19073024
99038506
84476092
51097086
55086068
32469416
98695535
12068148
18734874
13802296
5165864
98576091
66764476
1888678
99431322
87054568
62913291
58491160
67780368
18767384
1290415
24029979
90894041
74152324
52723544
11176811
85309853
80092532
50287030
25938676
41764758
78369117
1515489
49358811
18997181
88387973
25330807
66829833
73087587
26188949
39046258
80813433
40038074
3087246
9431166
51842786
13562602
15943416
45647456
75509550
43341978
27656024
33538256
51732978
93162529
87808886
54299901
56494178
29862722
33904912
95830929
94441634
74518893
2300352
84985233
87689699
64060028
86585396
17151373
32568021
33194989
65451895
70527562
37181848
21622584
64858182
80885895
37777290
8546656
73488336
91143178
63102307
4784070
52389440
15456117
83553840
7562469
34739989
58839501
82208849
42747317
66369210
30605511
7498234
33825387
23203039
11925092
69723550
41564634
21565135
84698032
85223254
71016148
85405885
5070509
74438266
20719168
97427032
64751697
31945399
65039472
84120205
96424326
3428340
13995786
82486472
27167099
77459259
46136785
92203068
21146321
23528826
62786950
77331445
6727894
89623904
55307083
17164674
13577265
90015090
65382351
63064472
4977847
75912574
4564231
16671559
88877295
17330701
47852564
18052797
71660782
65568578
43660890
81675480
55775553
7892519
78278606
50540732
73378452
25546976
6005018
85399881
25790847
25156628
63073159
65233065
71604905
9716663
49675849
96223669
23690711
4151745
59223350
38066224
56431569
57174833
78579522
37000938
47669902
31782475
9403451
12804607
34069266
4311622
39033962
61184546
8378991
98933656
68104669
65970871
42132329
83100671
72197622
40848908
27411146
28246420
10219058
48525898
21524290
13418470
50808194
9219051
11698746
48887753
89335224
60104465
68656681
55089324
48205578
95577903
98961376
96372285
21027373
83555062
82470040
10214084
18277346
34280385
61380345
86256560
69484932
67054375
17172401
59804683
25955771
2950920
52094043
340303
31519864
83324876
5758857
99498964
48723902
30281174
51284505
96282722
87044027
1394355
68296872
39029907
42825851
68640190
36880168
78699260
22569933
25411933
59626431
7118988
72591509
48599053
35361911
14128141
33664736
35789569
45469380
8532692
95393299
47107788
98776364
97753247
34108794
12470977
51636937
49333985
66831489
42707353
57970836
32660154
56632654
88851888
48606276
49118192
32816773
57705241
44287749
91985283
28303956
81282588
62000048
6591304
53091414
38180049
36434726
50218526
11466546
46302778
19457367
34752498
54311249
50171334
53997717
30111384
1875357
2583427
15026718
46714549
32136798
19061257
83884986
34741489
24796999
58289884
35373984
61696594
30934421
85132783
50437586
60584877
42118035
51497842
73452
12010740
19879338
45629244
14229161
37150541
9786579
52014742
52414154
88965558
83475389
93521224
52138304
72019279
71564075
4767260
94021266
69368734
91588036
12888862
8063761
7174952
8489218
43006740
54286040
5499301
12669120
32083280
84786721
38588629
22872844
70742327
80378197
42327618
42912611
99938046
28179243
21116327
5657341
86024268
82652243
25295583
35861058
46589495
90810751
92125619
49587318
2993579
8269872
41346613
90155913
16029311
34957753
77728953
48486486
41720773
69061223
43108940
94289416
92164102
86011168
89210008
58342034
43271315
61454451
51594434
8123592
16132456
51927546
3268664
76511519
36960819
19451204
10513756
94915952
44936435
49721609
11038133
80928421
43703328
14600326
71895659
41052077
81350932
88391025
17328710
14834569
55765922
57658454
48125960
45178549
35214834
2091147
81266297
84743586
3664446
23373849
88786494
85555656
32221294
55975321
64054987
94439448
85311073
24702399
62347870
36555671
74918100
15542813
47682777
72531628
46400792
9678842
11538044
75878682
95834405
90179649
84686663
56743009
81870717
46612644
37493203
45666885
82056628
91838006
58081641
43274349
79439662
32739710
64064742
48247868
11414649
53663108
91422545
25012082
32156228
28945511
34000558
11472270
90380323
88163621
88429761
38732793
9404784
50579107
55582273
67825754
83536464
46999382
25462767
64547661
34757191
69604289
27279745
46499491
1559170
5073075
36817120
88575031
79850971
98290324
94193853
17441194
76483982
18526286
72476847
11636524
23494967
36524553
74655081
59468143
92517327
50122005
82162268
88468776
41343052
17848681
81003217
77364785
25344676
95968826
26938000
19520593
90078125
7504389
29358491
92490860
14540030
33848589
63873677
32140257
98946114
3031478
78320357
67991652
76704980
12061394
33886754
24962499
10368558
41548141
14429842
90144736
65112763
62736625
36409012
8774843
38878118
47409429
58551496
99496028
5142911
98134828
48141406
1131123
42227169
12142322
47567859
30425503
76917454
93154351
11645370
61788955
43143548
79180871
86248392
67911791
63404429
11704670
55041558
78783438
14798785
68617914
97420200
81800918
12492118
16149239
9445092
62606240
3356366
87060797
82549528
69829510
33275059
16476990
31436588
43289706
22469676
28127967
92757906
55112365
53441130
91341276
27155968
73885703
80662846
63467694
31503314
44787725
29949774
76331107
17389989
11688324
65505800
5695988
4098592
45448357
985219
39645132
91557272
2376328
50058577
43561566
42642332
13303017
6361450
5375573
45836722
81229948
15296800
90135853
69625397
77025523
64274049
50153634
99127210
88568447
38808313
16900741
25056999
45811684
78576770
73352366
99959526
72272360
96644634
50630908
20785293
12181898
37382318
34664906
32895665
48197543
2180497
65880963
99166243
40574124
39822357
51741783
9288241
74113817
90691454
20778109
65648171
95765958
69379095
23299920
19344019
64551124
57973537
94061959
5494655
7160045
19011442
35947371
31689587
36690110
72176845
93927708
63035513
94143824
44993427
64444274
15438113
64734266
79201220
66574950
35958217
31354519
63121923
47358068
16923671
98332944
3549737
63771222
15189178
68464560
39082385
52721224
86511525
81812664
59209373
69730008
59041823
65616214
72332377
44342886
20143667
28656601
81810799
70181963
22392642
1481930
92050830
83740059
95707658
64813141
56737240
34146849
92370789
90614248
46489030
85049768
35218910
81826220
7476208
45629341
37836534
83379890
1829063
72488378
29700866
52780930
38816517
51808720
66188140
41375748
69053403
67273339
36650021
15731357
2419915
21823804
88890455
98702061
82146428
9507413
24290800
71736751
59182652
66725915
31980330
55326552
42186788
43217069
75941385
27503748
91080448
39516376
63578541
89247577
17522025
29959996
80325469
57164328
20307877
38742800
71190797
45553369
2954637
27149171
84615801
83079187
9349892
27714132
26487679
97839087
7875541
44608857
77400690
31157856
96265942
972886
84951889
95308277
78660624
76128232
63683313
41811792
92876805
82958603
46224457
1257630
17893013
33520806
93042815
97064408
74443096
2825855
75448853
30563355
18867169
5056235
31425521
15817519
8398305
18183043
34740341
25304628
23996194
59686206
74980918
253179
8827429
73346612
4894136
21986988
70489927
99602154
16810156
18660932
44661963
97928287
24804660
78259662
16956763
96992470
90199312
80211080
22797078
77749626
41278498
68132983
75483452
62353344
68687015
16016007
69147488
49546793
31062853
33336719
55026459
35967362
99528871
99552586
91824524
15191043
16290532
61010294
35091518
13998218
923043
14199762
17936895
86991814
85011657
20212582
66236192
96122780
968402
95140790
83773794
59235975
86402093
67890281
10485166
31747942
37163949
64482389
24178833
65138760
34231243
89995116
76616413
16738235
61530779
37500650
61852095
18330604
48729668
30907053
77289168
30130646
46455610
63936200
44698960
17576301
94856163
53788221
28568457
19204497
43551485
6192872
13095662
56946487
92507407
636247
54266219
11153562
63951468
92640191
19075712
22269039
77295629
71017961
78897087
78635552
68285314
50187781
72108905
22990123
59870960
57703916
12992134
25464991
96088082
51699964
8148935
71736613
30475476
14934913
99663837
70180385
95712515
87834600
18906471
7529765
36615035
7746443
92020415
84976395
66721508
61975989
86267637
1406749
60384289
77841766
54171307
90214502
50917847
60765446
73149030
41355519
20906933
34013136
19005699
93784757
999907
90853182
87529844
60234606
36380206
13842005
28116402
33904930
49192154
34117282
93881907
57553198
65141251
13898723
21775157
76087146
51725862
30410604
49652135
70431740
19681629
29289356
74983555
28590686
2891154
85157048
74780153
66332631
55473331
56932923
74862772
54336313
26649362
25465088
58022014
1111543
32310802
51142525
58633075
12657235
47511648
12699169
70502645
82205404
66311758
25267636
22020671
31092661
7327485
38461568
11223327
52374040
61112539
43991598
25012063
46059241
71957776
17896123
47323661
28810112
10320594
3452312
32974324
93190249
78959905
45335546
65251469
63540136
21295495
56396827
73607897
14377348
53659497
22437176
26593427
95554311
77043254
56380967
41442776
41879757
26500510
38701941
2907668
70989837
43264188
38663313
55104357
59972703
5483446
45621018
95066646
72280524
46675194
26256883
79027504
31436899
99406494
58210627
30135768
50850601
33877032
81758396
57104721
87084716
59858606
94116034
27531289
72854057
68001332
88413739
66187322
82216794
8902532
33417114
35843250
94096506
55862591
12768023
47779461
98645244
10773828
89053234
71702490
43589655
69888999
95356838
74237629
8477379
38844656
261140
83147137
97961712
17229060
66476115
3580365
46005015
46620034
2998050
73442943
46933633
27477120
47453689
22425812
61475271
75669438
93485334
77337524
20354588
50030209
45816851
88776638
26444009
56627102
81958841
30351806
59596426
64930678
16135735
50471548
85604116
99214746
24504669
44581679
18408832
94286048
85216478
31980389
30352177
28829673
62789864
16131961
18717125
63829368
69615721
22594765
2872189
55344384
19291366
81143563
67128740
36242545
8165016
7782890
20453320
22416806
4295275
17551072
92076217
87496460
13821049
67408601
1644176
69772075
9584138
99001536
81460001
16110520
34919084
28909917
97500320
79178987
50311727
41537594
7122856
54871531
25592458
23880547
15807242
37681585
46443045
64592417
27931835
85614267
3945006
39787696
15407932
84862129
9281667
57721180
91319742
15135427
71140233
2900394
50809956
3626069
22895093
34244901
28398722
85673911
93368937
18085177
15787323
35175622
66222787
57072310
89839944
74457764
46695534
87004594
15661728
42899836
59495440
50881976
99976154
81765573
35564329
44497758
97084802
66107473
13611092
24162638
63803658
8645893
21488500
82684730
71875331
7351633
85308556
30780108
99072401
14581163
44414949
66140351
16573825
14813561
83553030
40694882
87915021
97776724
74436592
39387989
94062244
1349009
25008228
84994028
38598728
48277840
80017653
76976242
68504559
94203458
66039652
68755141
14535768
77434033
40580993
81545193
39657062
74935244
41314825
30360324
13600639
89284068
90545074
90525581
27190405
26738126
69437369
70277516
22562080
65302661
19975539
55554435
20353791
42865297
9607950
35035047
63873241
18890862
78055650
45915696
77690157
42546479
32877959
92878967
10478399
54250861
14771344
17011350
42351903
62748141
11233932
99327861
42688298
67095933
70041237
3855319
20183534
46370342
98520177
74157761
26296886
18658743
44380922
73317356
27492194
15272012
84876159
56040924
19651637
99731474
856164
34905353
66164863
97914940
64698573
71480087
94209979
45289627
71615586
20218226
66308699
5388706
66566574
92706494
41502831
2159770
47305080
32131921
84434088
48736862
84403977
25959266
34503761
36217124
143564
71676664
94476262
19479088
60411427
23354253
74664235
80493183
65899957
58733748
84262996
62726983
66006597
89923018
55514843
33642129
62484202
67774454
94378705
70009626
76979417
72322822
53981401
67653763
15658337
39426092
1093494
14844790
77829193
20739578
49810233
93130428
83363040
54995800
63293187
14174741
12339767
80674433
33751128
33608546
88759147
39864860
30276232
56590445
1897080
4869566
55582213
30632573
29282033
84407190
4679152
95759121
15855587
11378025
29498630
97049001
96252348
93403977
68725034
4581043
84992395
33806645
15762979
23768196
9131577
21911925
15841478
4192944
46331304
35645088
61800436
8466904
96496741
64183634
72582285
33429509
54098741
67978293
82068526
75974513
63612558
64005910
38904464
96183624
96724659
44872296
22744229
83452901
49108979
37321475
59852749
55067810
48291788
67415822
58838625
57592842
30638565
73896123
22538323
81512703
70028671
32645075
79557470
93472056
57571201
32253842
67210345
82669353
39878842
37522584
13088888
23017556
48558769
80239808
2597950
8409239
55090642
53575842
43919660
69993072
98630162
62433095
99437781
36312067
16422734
36618407
10027641
43322946
30454285
93021713
92228686
91931270
91635020
20067443
72004365
11969064
50563997
39960064
35932056
58838821
52988628
84703517
66671576
42673913
78406012
96347811
57247616
95260381
59613915
4651511
44224900
33009033
44325844
734810
35810913
4930395
32682857
90586884
70533790
69157879
40426175
50280352
36057387
66133666
68566002
29827475
67679006
28875595
9031460
56345892
65879676
15054562
56329163
75451595
38774613
31061945
31654631
34991641
77402379
5193609
99402523
8698784
18732071
50241990
37944627
90638647
41422541
49178529
27562009
44375530
67912197
45019523
51760061
4032625
95081520
97035913
41195561
72074739
66667898
49298631
20140809
62215502
73909620
22219455
69843179
24138822
89953734
10772064
11099884
8064456
82140767
23704075
45740897
88922923
29483729
92736561
86092305
39929737
79430166
7161410
87372494
1103869
72523778
26917996
52988518
48202099
81224968
19953834
54677494
37976072
39987058
85489045
3852621
96957385
74214047
6705485
45172822
53484038
91346363
77514728
93997605
24996208
25706057
4619377
7508016
7137923
88066616
69023744
11671337
13555508
24686461
54955267
95656508
66307753
28614741
40219860
71955483
72483465
55630965
28112975
82270633
23479446
43229493
25877882
7160124
97818292
63902992
14415159
75785421
30830503
57077577
58784032
92604713
59947089
49791222
52024908
85313828
27641218
17163
74357660
56667389
54081684
42032818
8906255
34076966
52907413
61887368
33724400
71391644
7900038
14959720
17099264
8025674
91291447
22799002
29023602
97201868
11162359
75642454
64155034
79689441
675842
42681606
49858694
66591158
9881353
24532621
49222830
30619982
9276661
89724715
96860840
79432351
55590661
64294826
33826022
73448613
75416907
26178371
66729277
70147270
80596130
63590631
61310307
78891594
57128150
32761286
15418952
98763173
76926460
12852752
72860184
53391907
26799514
47853087
29610328
93928725
72397942
40970236
33463108
35670357
28780135
85079521
41353999
49629337
78084609
99637634
21591009
43746520
55008974
90721700
18989017
59974873
37568640
31445720
29277347
44577365
66453611
35239938
56611407
38822226
75062344
94140938
80326158
99887646
85129789
1041844
93301898
83449085
63099588
73945639
62034173
16872147
61835413
60706611
42130504
15367543
45389073
71148814
46183660
97114416
73861633
67309619
55287818
33716829
52348906
76615870
89661150
87611060
5943228
82201010
80843094
58637666
83113220
24970003
26361088
24388180
26046710
5493771
6952269
62760696
30657137
54265313
30116562
1523135
41939513
48491549
98387010
43376604
28217844
17042252
12749867
31852210
6566349
59223586
99671114
29486405
38451285
77741287
38753348
86620592
89909187
46836582
58933085
26723766
61837446
64341298
27639647
40851026
8099660
65334932
44556302
41432879
81695924
15068239
36766140
4804936
83242050
65816963
1545960
65658984
21210963
70547265
87115748
94776534
99438687
86150320
8137761
47422860
81711779
80397536
6326908
84352636
63761149
98991992
96708888
73402164
75356156
20533766
19338558
15892506
3440066
77877180
90996332
57821885
45255483
14698425
53540482
25576945
48800983
17375375
35826241
93094228
60414392
85640197
68300361
86036021
89288919
46224011
47919341
69913052
39873817
51181616
23931980
88350499
95828449
35069511
55437696
11421506
64540619
20415951
59810312
52185141
60672009
68906678
12346500
42372210
9112567
57101545
8121823
35844389
39327769
33514547
75638255
32304390
10871593
14924504
58694597
48832295
89897521
65284756
78700191
62994444
93412452
37319563
38662461
11387836
31749665
48874306
3313175
61040850
25417652
85586838
10126230
93329499
34223245
53743633
87756413
36786410
62529371
74771106
87464462
85228591
59297730
68655557
50024733
23713193
78723587
36459027
35939874
87570848
6518457
67712482
19663946
27871573
30143451
62391487
43530995
45288331
30583552
74504560
36463302
67995123
38535426
61657461
7071010
81958979
61136444
69014952
68842227
32771414
19382304
84318997
53894746
16539394
83768643
61924777
59151191
21761179
40121238
80649967
95053434
79562362
2970289
56281587
82323065
54057934
75145172
38576924
39807984
74618287
97103006
23331277
72592305
66060282
44629518
49914004
7151906
91060549
1635745
97467511
77511126
8675358
75178859
59811913
92033546
99830881
70421373
91905416
835455
43298955
47859064
37729531
21282098
13258608
54305042
88017362
56553465
27757795
91580361
68219774
23244893
39329684
2767143
70151956
23074116
95451742
2096681
34529841
32170929
24780192
36683381
88739509
63003183
7415705
58993884
79906417
85144646
25961494
12646814
97317845
91042533
29578770
20271249
60263940
37521605
24461042
56549802
76236018
50635274
18877092
72864350
22988859
43160568
36836753
32748484
87224219
4860910
62930626
59686049
69569522
90466800
42733820
72282485
93506555
73025298
54629382
84617253
93617200
512197
60805946
14936840
70601138
63168062
14108956
85042365
47061340
87437484
17051756
16155500
65760263
86181414
59422933
46350160
37860188
54716163
18343864
90271311
37408739
67427855
15670895
32620432
34960190
77361137
77076789
82911036
10114174
99657167
27157015
74929401
85924997
27979179
6582193
60907650
71701104
27021340
34945735
52061587
29376129
56476509
57600828
56482391
89278808
8202194
27234445
56566130
82622043
20381393
70456543
66493033
69828802
25464177
31837623
42983611
2620704
43993524
70378466
66030110
65378489
63345624
42164491
95506654
96814458
31435226
29663234
59686603
81446116
31967818
57588576
58565940
42617165
79104599
59403955
66642809
76984716
6356740
94623831
28687103
11134416
50868995
20637191
50457223
94372135
32090843
9144673
62722361
3262976
60034977
92547064
49320496
44386350
72159783
1842486
91733741
91338893
96658970
7220136
20886215
17213778
64568774
87307156
25409819
27967005
95874514
46146875
52594040
82782157
34808362
44561176
32038289
35206273
60049065
93344253
11356585
18430471
10986847
42904721
55074287
2130563
8092261
21965483
77411287
95094250
31188895
92535899
6213202
2943440
48433724
70310672
10596559
77913271
81104937
62930318
81820292
53934348
11289012
73955297
20676179
48587732
52394816
12705859
44962227
60003247
30070388
9837832
34426186
60609835
97065590
60173578
65594307
49905129
81637006
63274566
65445590
28531057
1902755
4452137
54329262
88121811
97805790
66056159
42686475
2072506
64895709
55196115
21815113
78425690
24146236
81265905
89509745
61632709
3772314
68155746
78255725
94301786
190175
39581466
60196724
36909897
50304763
63689977
13522072
23141593
53821624
48212161
2021368
79350963
42485051
31321267
25782925
25849441
76713615
41529639
1365033
12407603
87482941
42545793
98499826
99068223
55707691
15901251
13403713
14683386
66545853
59825202
50954484
46602436
21056620
11957630
9887137
46687988
39816364
39694711
29919590
54192290
41752932
96228969
94207071
18459041
39798637
78509575
3043881
9455967
38695683
97378240
56310156
57267519
21159933
41356312
63379527
62733569
64901481
56552908
62019043
24611767
46652056
67985864
29042601
17627363
55720512
41808137
27607768
33300597
92694728
11387613
35994182
49477814
63839259
10005918
84504566
26868784
19670235
42063369
58660187
87612470
474907
21419216
67251578
71080053
97558944
15162773
49922587
4608602
9489103
92679699
26784068
32684897
77138703
62680015
97337574
11500889
88274580
81218186
55516714
12747164
29321489
23907900
67443670
99951789
99460263
4985987
15010697
77822185
68272330
91413811
166477
7928040
85598750
12987517
4298397
71624753
39498630
97272161
29541109
58552757
49305700
28118875
76676273
56830239
99266775
33031262
66915640
1552302
86960515
6401799
29733424
56236543
50261011
53569467
82163294
46272048
58774332
25171787
16335767
79227468
7454962
65781835
80726541
72821692
33908632
86185963
13103329
52248663
49225515
63291316
22571088
75484160
46328044
91509511
25528462
47509595
7673191
98796946
66945676
7689662
46732513
13726215
4981159
2066459
98112126
45658814
66552822
49889018
91142087
96606803
64027559
77597083
22590440
43608526
57079744
47734629
97726513
40886636
76149815
32088909
5474097
28088091
70653043
11940977
84644335
4468090
48607669
41289809
88819325
20701344
12006945
33677106
49760353
63717208
66387688
46981211
85475696
69872149
93733496
93266860
15291257
3408887
60869622
65130546
54560392
20751302
69890274
40360548
49881355
23754291
96705020
44300194
88524840
29020928
30544610
2495746
52355926
2013564
57999822
35978580
164386
31821598
97766976
7844173
96349793
49064714
66235554
78433134
26405229
17201014
89512928
89999968
68221982
10843477
73217116
7780782
22148101
34587936
58816521
9602311
74534761
40738642
94721345
98103209
22404042
10717777
28125724
1549801
8188959
43929266
93697569
77998443
33733408
20502821
58761037
39031225
10692696
17591752
51457216
23059501
20360148
7072480
49844243
52781345
53056373
23647349
50528741
77624122
56534864
50287531
74055281
50645567
94604832
73769725
38451285
95733004
33723580
89397534
1526825
78910302
7568817
56173585
47123862
4758150
44440117
17839602
85868060
39966323
76165920
29964277
95429986
98754825
56859496
86021238
41683058
13620604
20998572
57316655
86143496
27153635
86333574
61733368
93749060
7530616
24595961
4663130
72529231
14531825
65309700
24121303
36609852
85836673
30551551
41761433
941530
80981077
63061223
72347431
63753506
65396479
53427217
89440628
31966231
34453619
35719785
68985512
77357373
34622025
51168072
3978580
76414518
36884357
5563446
44323122
78479187
60709207
23505915
16492766
48456389
28643901
60403061
7717510
56551162
71544287
38518849
42167202
9038514
9258648
47434296
48353883
50640965
21749011
52934757
67174026
33335987
15536360
34173369
35130767
53441596
78631428
89415357
33671533
97690186
67377920
33295946
21578409
76837025
17130893
3462239
16195817
82278377
23412058
85027948
1159809
89073647
31802341
26655344
15753590
87873436
39722567
71132303
15250909
16470982
14112758
827247
98475823
78953986
82151452
39939626
20317347
20419629
8687542
55785958
32860871
11174980
71652699
26940251
455385
55485983
66415977
67832242
61685015
92303297
43815940
4531550
18019746
66050465
8749716
95537531
7960784
27913886
747902
65623003
95868466
4675822
82885570
90305581
70864626
60872958
76276425
31451355
74544380
97505028
88566454
12181610
48044934
59654047
46404450
21331427
84202297
43619971
18747551
3733169
66315251
47452924
60819059
38192302
81363266
74120132
82305107
80655935
99776801
30826947
49182493
80396514
68972945
37036778
39122701
67065346
61970740
1077613
98839584
78626140
20670739
8535632
98521202
16120994
56679431
62291597
58949953
20707670
62693618
32117126
59721531
45360531
2895257
39672576
24920188
53371513
55145252
56738773
55773563
68793641
60809892
590001
28173847
97541768
96875396
56535538
5758580
66992858
51494902
40277296
57706662
12448892
37999251
20608524
47232607
59298575
16779656
22435307
25271386
25945165
19138946
59888444
60477572
6916921
73783055
98025900
80158190
63657588
41701591
92632593
14529940
91238409
73213333
8793617
40052959
45758862
69871078
24525860
74065041
22180545
47626784
55815622
28977724
49840957
94698625
11031442
66224469
28856845
96536200
31076927
41545905
84080908
29020427
82128014
46053363
40516117
70555151
52260934
16838518
72924146
31528859
30613462
29961957
63197475
25954300
2730221
70330749
2333374
94863781
51367565
17981552
23943586
52934254
67440210
52513428
84369691
593153
53144308
23343432
40134809
64572709
6812288
23756051
24123881
93431184
21745920
80387758
26011439
85318470
97414268
85226339
90890345
27050453
87463816
2821419
43499094
53555171
75414325
29470955
75909886
85477922
62140768
100481
30773688
94761896
9565467
9235585
19280313
85255935
5179727
14047087
92735230
13078688
45212566
24522682
19368185
30008472
24509922
59427660
22251698
26547785
62319706
92807346
22115462
5518140
80977217
48511006
33998666
77974106
81844117
83900144
32922658
44692165
86324337
32566661
42307479
32273731
96182640
3168059
84180767
71679180
63601432
16728960
42268367
44963156
49596500
47456299
81574047
36075538
14351992
6433299
40009010
37848426
9604624
17037887
89531672
64667595
82793007
8780711
62928895
23601309
43227084
54803205
83626329
22427369
83113102
35936075
43865351
69405532
7882031
70894009
89598833
6556906
6986077
38108178
31223384
67104583
21199264
53555328
94342062
38318320
60768298
8253669
58795837
83032991
79791147
46864357
39534604
58607679
9963267
89871984
58596112
15541242
37683983
59743100
91626616
8850322
76276199
38191462
11807346
7800511
99529358
37312761
77894770
89684692
95033645
76811000
82664689
46688843
44384944
44456848
71259627
64339066
90013931
15110304
21979943
22035368
53637128
22364806
67411468
418170
93624628
91445651
24361584
66505399
74899955
48105312
42171422
37501327
45085514
51478614
69711051
35109047
42569897
38277759
26018192
33816934
91709177
99523823
53607176
62213067
64466547
573570
27088383
52385524
35067147
5846780
91281216
74039969
3248115
96074513
13853388
91797242
42334515
8687224
40606177
79707230
89541681
70962477
83532397
81088239
62330872
20423174
43832984
47144250
53180145
44643796
21784911
68315254
22087711
2840890
25542753
74631438
20732424
15374346
31702427
59741141
14086989
77772732
96258620
24058561
22080208
51159104
67467599
24458647
21869688
1862127
63661806
92621432
41473244
8163416
39332886
68827253
83324200
14149417
77513320
65673993
29955672
3338747
72373339
97758751
83923727
5337697
14797074
11921836
17795055
63710995
29512115
98631280
46030544
21716785
21360581
15141350
23161696
37061490
76543411
11288132
98645827
42122138
71899487
20063815
10199140
37199555
26263507
29593838
82756510
76572006
82497864
60626801
20948400
21195020
78687000
1203851
3557906
74927153
23626654
93170982
7699772
85772329
93725004
83124786
21659298
40402422
75832387
15840542
91106602
89869389
21074298
42227695
87462888
58806599
40611242
34842024
78814480
39402369
36478421
3353654
18538007
67328810
91295546
82555134
56781254
20254972
98169895
35743278
66801574
75246218
47991805
55790083
34287689
90457574
30463907
23161378
1015403
27478239
59672659
24221784
83195938
78917685
3352555
94405014
65719905
3168556
85544606
73237090
30758272
81494360
51447911
21730581
82475307
66219375
56368245
80149537
40845236
92457032
63669730
93664012
11075146
37964588
4725523
33098197
34220534
98946916
72642434
1219277
42729677
30065773
77059593
64555413
42303492
5611145
69693087
32142625
87996743
85054871
23510284
35908635
26680528
88686451
76491267
21152849
90974904
44569477
72554774
8258024
14335393
30373537
62493702
90233945
47633947
50570858
43251363
29190760
11776834
21857517
72437311
82311322
75344751
13394472
44042669
22827340
7732718
88244328
85112180
83869353
50933154
9120355
90510576
4025820
80482087
59513340
54204994
3355327
20527437
61745674
15938861
54878872
98918222
21452708
67138646
39361561
25974421
12924024
84094422
52847432
38570962
3875542
80191197
7476047
89468283
16712380
38503807
62597613
1100851
34359741
61969717
66008741
85147986
43847441
11019595
44506505
16513728
3037443
6641692
46603638
52054670
83523873
95039609
50975638
86538751
48177415
50863103
24446236
30371072
82790430
38816070
36541350
6821565
83727148
2912348
56621495
13294720
59998132
68866041
39431806
42880195
3328389
247462
34316944